x<- 1
x
x<- x + 100
x
